7 7 7 7 7 7 7 8 2 1 1 0 0 1 1 1 0 1 1 1 0 1 0 0 1 8 7 7 7 7 7 7 7
7 6 6 6 6 6 7 8 2 0 0 0 0 0 0 1 0 1 1 1 1 0 1 0 1 8 7 6 6 6 6 6 7
7 6 7 7 7 6 7 8 2 1 1 0 0 0 0 0 1 1 0 0 1 1 0 0 0 8 7 6 7 7 7 6 7
7 6 7 7 7 6 7 8 2 1 1 0 0 0 0 0 0 1 0 0 0 1 1 1 1 8 7 6 7 7 7 6 7
7 6 7 7 7 6 7 8 2 0 0 1 1 1 0 1 0 0 0 1 1 0 0 0 0 8 7 6 7 7 7 6 7
7 6 6 6 6 6 7 8 3 1 0 0 0 1 1 1 0 0 1 0 0 0 0 0 0 8 7 6 6 6 6 6 7
7 7 7 7 7 7 7 8 5 4 5 4 5 4 5 4 5 4 5 4 5 4 5 4 5 8 7 7 7 7 7 7 7
8 8 8 8 8 8 8 8 2 0 1 1 1 0 1 0 1 0 0 1 1 1 0 1 1 8 8 8 8 8 8 8 8
3 2 2 3 2 3 5 2 3 0 1 0 1 1 1 1 1 0 1 0 0 0 1 1 0 3 2 3 2 2 2 2 2
1 0 0 0 0 1 4 0 1 1 1 0 0 1 0 1 1 1 1 0 0 0 1 0 0 1 1 0 0 0 0 0 0
1 0 0 1 1 1 5 0 1 0 0 0 1 1 1 1 1 1 1 1 1 0 0 1 1 0 1 1 0 1 0 0 1
1 0 1 0 1 0 4 0 0 0 0 0 1 0 1 0 0 0 0 0 1 1 1 0 0 1 1 1 1 0 1 1 1
1 1 0 1 0 1 5 0 0 0 1 1 0 1 1 1 0 0 0 1 0 1 0 1 0 0 0 0 0 0 1 1 1
1 1 1 0 1 1 4 0 1 1 0 0 1 1 1 1 1 1 1 1 0 1 1 1 1 0 1 1 1 1 1 1 1
1 0 1 1 0 1 5 1 1 1 1 1 1 1 0 0 0 1 1 1 0 1 1 1 1 0 0 0 0 0 0 0 1
0 1 0 1 1 1 4 0 0 1 1 1 1 0 0 0 1 0 0 1 0 1 0 0 0 0 0 1 1 0 1 1 0
1 1 1 1 1 1 5 1 0 0 0 0 0 1 1 1 1 1 1 1 1 0 1 0 1 0 1 0 0 0 1 1 1
1 0 0 0 0 1 4 1 0 1 1 1 1 0 0 1 1 0 1 1 0 1 1 1 0 1 0 0 1 1 1 0 1
1 0 0 1 0 0 5 1 0 1 1 0 1 1 1 0 1 0 0 1 0 0 1 1 1 0 0 1 0 1 1 1 1
0 0 0 1 0 1 4 1 0 1 0 1 1 1 0 1 0 1 0 0 0 0 0 1 1 0 0 1 0 1 0 0 1
1 0 0 1 0 0 5 0 1 0 1 1 0 0 0 0 1 1 0 0 1 0 0 1 0 0 1 1 1 0 1 0 0
0 0 0 0 0 0 4 0 1 1 1 0 0 0 1 0 1 1 1 0 0 1 0 1 0 0 1 1 0 1 1 0 1
1 1 1 0 0 1 5 1 1 0 1 0 1 0 0 0 1 1 0 0 1 0 1 0 0 0 0 1 1 1 1 1 1
0 1 1 0 0 0 4 1 1 0 0 0 0 1 0 1 0 1 1 1 0 1 0 1 0 0 0 0 1 1 0 1 1
1 0 1 1 1 1 5 0 0 0 1 0 0 0 0 0 0 0 1 0 1 0 0 0 7 7 7 7 7 0 0 1 1
8 8 8 8 8 8 8 8 5 1 1 0 0 1 1 1 0 0 0 1 1 0 0 1 7 6 6 6 7 1 0 1 0
7 7 7 7 7 7 7 8 2 0 0 1 1 1 1 0 1 0 1 0 1 1 1 0 7 6 7 6 7 1 0 0 0
7 6 6 6 6 6 7 8 3 0 0 1 0 1 1 0 0 0 1 1 0 1 0 1 7 6 6 6 7 0 0 0 0
7 6 7 7 7 6 7 8 2 0 0 0 0 1 0 0 0 0 0 0 1 1 0 0 7 7 7 7 7 1 1 0 0
7 6 7 7 7 6 7 8 3 1 0 0 0 0 0 0 1 1 0 0 0 0 0 0 1 1 1 0 0 0 0 1 0
7 6 7 7 7 6 7 8 2 0 1 0 1 1 0 0 0 0 0 1 0 1 1 0 0 1 1 1 1 1 1 0 1
7 6 6 6 6 6 7 8 2 1 1 0 1 0 0 1 1 1 1 0 1 0 0 0 0 1 0 1 1 0 0 0 1
7 7 7 7 7 7 7 8 3 1 0 0 0 0 0 1 0 1 1 1 0 0 0 1 0 1 1 1 1 1 0 0 0
